b1: -1.1000000000000003
b2: 96.42345863717873
b3: 50.37753895357869
b4: 26.474888589201434
k1: -1.072013883543454
k2: 0.9721739600500794
k3: -1.059008603537138
k4: -0.9567039077775248
